         1   30513.3088      1758.7932  4078323.8387    2515180.6396    4195881.4297
         2   30396.8000      1760.7000  4078293.8156    2515163.3804    4195929.6748
         3   30215.6279      3978.6219  4077704.6841    2516109.7991    4196045.0011
         6   29477.8000      4876.4000  4077125.5630    2516300.0070    4196157.4602
        14   28049.6859      6887.7178  4076291.0650    2516965.6922    4196804.1697
        15   27805.9774      7101.3436  4076169.5107    2517015.4301    4196900.4580
        17   27592.7805      8264.2199  4075815.3679    2517485.1583    4196989.5169
        18   26917.6000      8525.4000  4075563.7946    2517483.7418    4197253.1415
        19   27005.4000      8741.9000  4075532.1848    2517592.2175    4197219.2422
        20   26543.8000      8069.7000  4075541.4822    2517205.2628    4197349.8014
        21   30453.6957      9740.2955  4076320.9442    2518661.1957    4196015.3404
        24   29721.4163      9611.5104  4076167.4849    2518489.0802    4196314.3875
        25   27055.8782     10091.5969  4075200.2952    2518186.2807    4197206.9820
        26   27219.5898     10896.1864  4074999.2070    2518544.1595    4197102.5849
        27   26139.2000     10570.4000  4074796.0536    2518223.4481    4197527.4833
        28   26100.1000     13062.1000  4074142.7445    2519295.8258    4197549.7753
        30   25024.6746     11284.8279  4074183.3082    2518283.0754    4197811.2348
        31   25077.1000     11603.8000  4074133.7320    2518438.9520    4197813.8422
        32   25897.4614     11490.8332  4074381.2235    2518525.8354    4197491.5170
        33   24147.8000     12474.4000  4073693.1271    2518676.3969    4198221.0399
        34   24146.6000     12465.4000  4073694.9637    2518671.6004    4198221.2665
        35   24254.3000     12673.8000  4073684.8266    2518788.4936    4198198.1924
        37   22945.5000     13009.9000  4073188.0349    2518685.1671    4198640.5668
        40   31376.3000     18789.4000  4074068.0827    2522656.6088    4195487.4707
        42   29513.7320     17180.3668  4074052.0830    2521679.1518    4196294.2508
        43   24618.0236     15325.4292  4073150.9574    2520022.5918    4198128.0354
        44   26299.2000     16113.9000  4073451.4265    2520671.7541    4197534.0430
        45   25840.3000     17354.7000  4072975.9960    2521117.2733    4197679.9413
        46   25343.8930     17549.3222  4072751.5276    2521098.4627    4197828.0343
        47   25074.4000     18041.4000  4072576.6923    2521278.3511    4197963.7042
        50   24846.4763     15864.9551  4073091.4684    2520305.0677    4198063.2081
        51   24514.1815     15160.7011  4073161.2763    2519931.9305    4198161.2497
        52   24773.2000     14294.4000  4073454.8343    2519599.9092    4198058.2744
        54   23276.8000     13313.3000  4073214.2814    2518879.9628    4198530.4934
        55   23147.5000     13536.9000  4073114.6848    2518951.5665    4198574.7457
        58   22352.3000     15261.8000  4072382.3106    2519529.6240    4198803.2619
        59   22018.3000     14868.0000  4072391.9850    2519302.3321    4198930.9354
        60   21713.0000     15267.5000  4072201.3429    2519420.3948    4199045.5247
        61   21230.1000     16399.0000  4071768.7500    2519825.1095    4199225.2848
        62   21164.8000     15956.1000  4071863.2335    2519620.8940    4199246.8732
        63   22413.2000     16034.8000  4072198.3884    2519874.6786    4198781.8542
        64   19856.4000     17778.7000  4071099.7941    2520218.8979    4199835.8535
        65   22557.4000     17583.3000  4071844.9713    2520572.7866    4198740.2395
        66   24113.2995     17415.4568  4072379.6714    2520796.9081    4198218.6775
        67   19954.8000     16826.2000  4071299.0421    2519787.9967    4199706.5535
        68   22585.5380     18542.2631  4071589.4496    2520986.8133    4198714.9584
        70   23983.1763     18650.7271  4072070.9449    2521331.6178    4198326.3589
        71   25600.0000     18268.0000  4072682.5581    2521475.3578    4197784.5956
        72   29465.2000     20826.2000  4073104.6823    2523255.0108    4196332.1594
        74   21319.6895     19053.2123  4071211.7131    2521040.1556    4199322.5500
        78   18262.3000     18071.8000  4070519.4243    2520041.5291    4200369.3002
        79   18159.2000     18762.0000  4070299.8771    2520316.7159    4200395.9470
        80   18510.6000     19598.7000  4070187.9664    2520743.1008    4200274.0608
        82   19234.3854     19195.7142  4070552.0716    2520722.1116    4200066.3887
        83   18292.3000     20977.1000  4069734.5512    2521285.0909    4200317.6133
        84   21198.5000     20073.6000  4070946.8407    2521477.4004    4199412.7060
        85   20755.3523     22223.4346  4070168.7181    2522284.7326    4199469.3202
        86   25546.1000     24806.0000  4070874.9735    2524250.6337    4197704.4152
        89   19468.9000     23291.5000  4069453.3343    2522486.5952    4199865.7805
        90   18769.7000     22700.7000  4069412.0089    2522108.4574    4200129.3098
        91   18338.3000     22576.5000  4069321.7804    2521979.6825    4200291.9816
        93   18894.7000     23644.1000  4069200.6023    2522539.1502    4200083.3987
        94   16907.1000     22998.8000  4068838.1210    2521926.8148    4200866.0162
        95   15868.9000     22619.3000  4068626.8862    2521572.8257    4201233.6256
        96   16841.7000     23830.7000  4068620.5953    2522284.0217    4200911.4132
        97   17939.2000     23160.1000  4069094.1949    2522180.0639    4200486.1975
        98   20986.7000     24001.3000  4069699.9392    2523059.8012    4199300.0209
       100   26421.2000     26701.9000  4070723.8746    2525269.0448    4197491.3987
       103   19894.8000     26827.5000  4068644.2678    2524087.2588    4199700.8447
       104   19652.5000     27821.8000  4068317.6275    2524474.6710    4199792.9849
       106   18615.8000     24659.6000  4068852.6976    2522927.4325    4200184.1622
       108   16962.2000     26481.0000  4068028.9619    2523482.1878    4200945.9613
       111   15165.1000     24917.8000  4067853.5782    2522456.4523    4201529.3566
       112   13973.9000     25837.6000  4067234.3086    2522624.4114    4201926.3713
       114    8558.0028     31421.9181  4064225.1750    2524079.4576    4203935.6244
       115    9576.1000     30480.1000  4064762.9784    2523853.1698    4203558.2839
       117   26647.1760      8370.9058  4075504.9339    2517359.9040    4197327.0923
       118   26057.6000     12962.6000  4074159.5493    2519247.2954    4197570.2448
       119   24887.7000     11423.9000  4074109.1721    2518318.7709    4197863.8375
       120   24575.7000     15394.5000  4073127.0900    2520048.3598    4198150.9982
       122   23856.7000     14113.5000  4073211.9356    2519347.8106    4198365.0115
       123   23883.6000     14316.0000  4073169.1065    2519440.5307    4198357.4708
       124   24344.6000     14449.3000  4073288.0727    2519590.1502    4198212.2250
       133   12619.8972     31733.3393  4065408.5887    2524981.5818    4202550.9098
       134   17826.6000     31587.3000  4066979.4982    2525859.2975    4200672.3241
       135   18575.0000     31679.2000  4067109.7485    2526003.1246    4200322.4629
       137   11088.0000     29744.1000  4065412.4044    2523814.5909    4203026.2878
       138   10864.6000     31414.4000  4064916.0216    2524498.0976    4203114.9413
       141   11735.4000     29785.5000  4065630.7058    2523967.2800    4202839.2563
       143   12557.8483     28321.2957  4066196.2526    2523455.7470    4202470.1671
       146   12759.2000     30587.8000  4065658.9126    2524469.3011    4202394.5486
       158   30851.7000     29052.4000  4071405.3690    2527079.0137    4195878.1021
       160   31963.6000     20995.7000  4073804.1241    2523782.1624    4195440.1379
       167   19235.7000     30331.9000  4067558.0342    2525493.9892    4199967.3599
       168   30216.9000     29865.7000  4071047.4754    2527335.9573    4196158.9526
       170   16030.8000     30090.5000  4066907.4160    2524918.8110    4201397.8229
       171   14160.2224     30338.5482  4066185.3296    2524638.1491    4201946.4953
       175   12832.4000     27544.8000  4066486.5202    2523172.7991    4202379.7444
       176   14030.8684     28506.0909  4066636.5290    2523826.3330    4202004.9657
       177   16854.7000     27770.4000  4067666.9916    2524023.0339    4200993.0178
       178   13986.7675     28085.0626  4066707.7049    2523625.6017    4201990.2189
       181   24397.8000     20300.7000  4071660.6551    2522071.4649    4198056.3696
       183   21017.5000     18515.1000  4071294.1792    2520768.4289    4199470.5093
       184   21736.6000     21885.4000  4070577.1199    2522330.0151    4199152.9992
       185   19346.3000     20274.6000  4070297.5736    2521204.6811    4200020.1360
       186   22067.0000     25211.6000  4069697.7984    2523775.8033    4198906.0093
       188   19043.8799     29480.3618  4067724.1874    2525091.3160    4200037.1791
       195    9846.2000     30196.0000  4064914.4446    2523778.0511    4203458.1080
       197   35070.1840       821.8624  4079960.8562    2515624.1708    4194302.4979
       199   34392.9025      3796.6209  4078849.6623    2516717.4078    4194380.2225
       205   35809.9000      6797.4000  4078601.9970    2518325.8723    4194009.2619
       207   36188.0000      6705.3000  4078709.8432    2518340.5251    4193841.1208
       209   32165.5526      7281.0585  4077423.9376    2517887.8458    4195348.3919
       211   33320.8926     10319.5745  4076996.1966    2519419.7698    4194959.7708
       214   32332.2129     16331.0708  4075123.2115    2521829.5627    4195299.2904
       216   35169.3000     14064.1000  4076567.6841    2521370.6723    4194296.7542
       218   38101.1000     11579.9000  4078056.0408    2520816.1393    4193213.3085
       220   35391.4000      9116.2000  4077877.2261    2519252.3513    4194162.6381
       221   37201.1000     10111.3000  4078156.4129    2520009.9187    4193517.6972
       223   35225.9000     25385.7000  4073625.8254    2526269.8964    4194268.8673
       224   35332.7380     22600.8994  4074375.6355    2525082.3450    4194220.0847
       227   39701.0000     17264.4000  4077083.9784    2523576.9961    4192681.0391
       228   37399.3249     15664.9190  4076767.1032    2522443.8376    4193444.8147
       230   38826.8000     21632.2000  4075662.1384    2525295.0362    4192964.9844
       234   39533.9000     36275.0000  4072034.6391    2531748.5744    4192689.6728
       237   37004.7000     38217.1000  4070774.2542    2532129.5365    4193594.0330
       238   33586.0000     39115.3000  4069771.7606    2532011.3323    4195112.8096
       239   38017.9000     31852.2000  4072674.2340    2529530.5265    4193158.7403
       244    4945.1936     39708.8722  4061014.9363    2527019.2634    4205269.9708
       246    6853.9661     38224.2872  4061946.9889    2526714.0478    4204557.5617
       247    6416.9317     38090.6758  4061900.4495    2526598.8041    4204772.0965
       248    7814.9546     34279.8301  4063357.9960    2525228.1640    4204323.3697
       249    7144.0000     37533.4000  4062213.1776    2526467.9006    4204453.0816
       250    6554.1059     37427.9531  4062129.2058    2526344.5515    4204738.4209
       251    8241.7330     35317.0964  4063113.7283    2525706.4628    4204052.2102
       252    7984.1000     36415.4000  4062747.4746    2526133.8445    4204142.1994
       255    8825.1000     38118.0000  4062532.9222    2527014.9835    4203820.0520
       258   30475.6179     30593.5783  4070937.2231    2527700.0410    4196068.3837
       259   30583.4343     28532.1273  4071457.5619    2526803.0520    4195969.7415
       260   29578.6013     26263.9089  4071704.2724    2525619.0965    4196276.3229
       261   30668.4310     25907.4002  4072129.1767    2525667.0785    4195893.8330
       262   30025.5000     23551.9000  4072576.3932    2524542.4692    4196151.3529
       263   30356.7763     19780.4545  4073584.4749    2522936.6719    4195944.4044
       266   28230.8000     39040.9000  4068035.7019    2530933.2423    4196841.0690
       268   21961.2000     33109.4000  4067640.0690    2527189.6475    4198989.7162
       269   23585.3000     36268.9000  4067302.5947    2528854.7467    4198415.4468
       271   11248.9245     34395.5335  4064260.1200    2525862.2784    4202990.9618
       272   10561.4000     32137.1000  4064654.8391    2524764.3640    4203245.6610
       273    9441.0456     33256.0265  4064098.3157    2525076.4413    4203728.4849
       274   10072.5000     33073.5000  4064297.1275    2525096.1100    4203459.1612
       275   10241.0000     32723.3000  4064435.4328    2524973.7049    4203394.6848
       276   10725.5000     32971.2000  4064490.2086    2525157.1131    4203192.6738
       278   13124.3649     39099.3655  4063578.5203    2528235.1403    4202310.8187
       289   29012.9000     35466.4000  4069200.8015    2529528.0521    4196558.5490
       292   29370.7000     33078.7000  4069960.4183    2528573.2304    4196464.6728
       293   12698.4000     33714.5000  4064932.5471    2525861.7444    4202546.4980
       294   11402.7000     32738.9000  4064741.1538    2525174.3666    4202936.9151
       299   16187.8000     33577.8000  4066108.7013    2526485.3771    4201420.2007
       300   14936.3462     38071.2437  4064386.2582    2528119.4035    4201660.3748
       302   32954.9000     34779.0000  4070623.3919    2529979.4138    4195230.1239
       304   34174.3000     30248.7000  4072047.6113    2528183.8967    4194650.2253
       305   23151.9000     38829.4000  4066535.4150    2529898.1427    4198608.6180
       306   31961.2016      7865.2908  4077211.4968    2518102.8828    4195422.1289
      1841   39860.2555      2124.3194  4080983.0334    2517023.9659    4192516.5363
      1871   37334.2000      1105.2000  4080426.9682    2516090.5390    4193334.1978
      1911   36689.9933      5728.2707  4079044.3855    2517974.8478    4193578.3243
      1941   39933.7142      6762.3618  4079764.7688    2519022.9132    4192450.4263
      2591    9372.0000     39797.0000  4062293.0970    2527858.2288    4203669.5432
      2601    8330.8000     39473.5000  4062036.0899    2527513.4292    4204003.5138
      2621    9909.4000     39056.5000  4062594.2498    2527611.0668    4203414.0287
      2631   11221.2000     36092.6000  4063812.2182    2526593.2921    4203005.0075