          4.000       20895.800        1465.800     4074588.725     2517858.664     4197800.167 
          5.000       27756.000       12224.000     4074109.191     2521504.592     4196453.491 
          8.000       22927.900       11202.600     4073411.906     2520697.899     4197537.495 
          9.000       26108.000       12655.500     4073749.159     2521439.109     4196841.215 
         10.000       26557.000       20084.000     4072564.207     2523395.230     4196730.381 
         11.000       22789.000       17704.000     4072193.085     2522272.322     4197412.092 
         12.000       20474.000       26190.000     4070428.374     2524276.200     4198091.411 
         22.000       17579.000       21334.000     4070675.759     2522654.011     4198648.377 
         27.000       22409.500        2082.000     4074795.561     2518224.212     4197528.041 
         28.000       22482.000        6128.000     4074143.434     2519295.064     4197550.767 
         29.000       11167.000       26009.000     4068757.144     2523161.892     4200141.928 
         31.000       20709.000        3851.000     4074134.160     2518438.183     4197815.207 
         32.000       22018.000        3680.500     4074382.638     2518526.483     4197492.379 
         34.000       19280.300        5208.000     4073694.697     2518671.098     4198220.787 
         35.000       19471.500        5532.500     4073686.047     2518787.694     4198198.934 
         36.000       14050.000       25744.000     4069394.900     2523483.396     4199619.993 
         37.000       17364.000        6118.500     4073188.429     2518684.272     4198640.544 
         45.000       22298.000       13103.000     4072976.565     2521116.068     4197680.222 
         46.000       21497.500       13456.000     4072753.062     2521099.236     4197826.657 
         47.000       21094.500       14225.000     4072576.939     2521276.666     4197964.423 
         48.000        3302.500       25947.000     4067393.202     2522300.769     4201984.790 
         49.000        7778.500       24457.800     4068466.477     2522433.390     4201002.260 
         50.000       20627.000       10668.000     4073092.460     2520304.665     4198062.301 
         51.000       20047.000        9535.300     4073162.120     2519931.423     4198160.815 
         52.000       20414.500        8127.000     4073456.031     2519599.682     4198058.477 
         53.000        9071.500       21697.000     4069105.438     2521812.441     4200603.305 
         54.000       17919.000        6604.000     4073214.309     2518879.455     4198530.500 
         55.000       17718.300        6971.000     4073115.293     2518950.971     4198574.833 
         56.000       12527.000       21642.000     4069743.219     2522192.002     4199836.248 
         57.000       15059.000       24260.000     4069732.834     2523129.190     4199227.394 
         58.000       16499.500        9839.000     4072382.892     2519528.729     4198804.098 
         60.000       15468.500        9845.000     4072201.532     2519419.157     4199045.138 
         62.000       14622.000       10973.000     4071863.806     2519619.952     4199246.207 
         63.000       16640.000       11100.000     4072199.214     2519873.960     4198781.555 
         64.000       12647.500       13862.500     4071100.724     2520218.102     4199835.794 
         66.000       19466.000       13288.500     4072379.472     2520794.317     4198220.777 
         68.000       17045.000       15194.000     4071590.623     2520985.889     4198714.374 
         69.000       17487.000       22929.000     4070393.394     2523057.798     4198677.248 
         70.000       19352.500       15259.500     4072071.116     2521331.883     4198327.568 
         71.000       21968.500       14580.500     4072684.277     2521475.323     4197785.324 
         73.000       17517.000       18567.000     4071137.520     2521937.522     4198667.386 
         74.000       15091.000       15917.500     4071212.742     2521040.665     4199322.174 
         75.000        9919.500       14055.000     4070545.861     2519932.648     4200395.441 
         76.000       12255.500       12243.500     4071238.978     2519696.750     4199808.873 
         79.000        9935.000       15529.500     4070300.429     2520315.705     4200395.566 
         80.000       10547.500       16888.500     4070189.135     2520742.676     4200274.064 
         81.000       14114.000       11701.000     4071655.752     2519757.202     4199373.326 
         83.000       10252.800       19168.500     4069736.159     2521284.446     4200318.078 
         84.000       14954.000       17543.300     4070947.004     2521475.289     4199413.802 
         85.000       14317.000       21147.500     4070169.734     2522284.135     4199468.429 
         86.000       22177.400       25349.800     4070875.652     2524250.113     4197704.420 
         87.000       16464.500        6893.000     4072871.967     2518761.345     4198802.839 
         88.000       18786.000        9852.000     4072849.563     2519841.843     4198389.481 
         93.000       11357.000       23535.500     4069202.008     2522539.256     4200083.688 
         94.000        8135.300       22445.500     4068839.702     2521927.060     4200865.931 
         95.000        6433.800       21839.800     4068627.978     2521572.790     4201234.871 
         97.000        9809.800       22704.000     4069096.076     2522180.399     4200486.763 
        101.000       11677.000       15898.500     4070593.794     2520645.366     4200077.460 
        102.000       13764.000       19409.500     4070374.408     2521783.676     4199609.175 
        105.000       10624.500       21488.500     4069411.592     2521925.218     4200238.462 
        107.000        6249.500       24049.500     4068244.309     2522142.341     4201318.662 
        111.000        5427.000       25572.500     4067854.150     2522456.107     4201531.919 
        119.000       20387.500        3576.000     4074109.622     2518318.267     4197863.812 
        120.000       20158.500        9906.500     4073127.905     2520047.551     4198151.204 
        122.000       18914.000        7863.000     4073212.769     2519346.525     4198364.596 
        124.000       19729.000        8386.000     4073288.444     2519589.043     4198212.327 
        181.000       20060.000       18048.000     4071661.901     2522070.806     4198058.192 
        184.000       15897.500       20554.500     4070577.929     2522329.754     4199152.499 
        185.000       11950.500       17942.500     4070298.077     2521203.930     4200019.569 
        186.000       16551.800       26092.000     4069698.912     2523775.364     4198905.770 
