         1   30281.8212   1756.7932    4078323.8387    2515180.6396    4195881.4297
         2   30161.7406   1759.9710    4078293.8156    2515163.3804    4195929.6748
         3   29980.8467   3983.3866    4077704.6841    2516109.7991    4196045.0011
         6   29292.8314   4869.4734    4077125.5630    2516300.0070    4196157.4602
        14   27835.2439   6890.0208    4076291.0650    2516965.6922    4196804.1697
        15   27589.8002   7104.9010    4076169.5107    2517015.4301    4196900.4580
        17   27380.3679   8269.1054    4075815.3679    2517485.1583    4196989.5169
        18   26699.1490   8530.9847    4075563.7946    2517483.7418    4197253.1415
        19   26789.6925   8747.0407    4075532.1848    2517592.2175    4197219.2422
        20   26331.7887   8071.2581    4075541.4822    2517205.2628    4197349.8014
        21   30244.9724   9754.3273    4076320.9442    2518661.1957    4196015.3404
        24   29497.5610   9627.3439    4076167.4849    2518489.0802    4196314.3875
        25   26848.3156  10098.6694    4075200.2952    2518186.2807    4197206.9820
        26   27031.3998  10900.2278    4074999.2070    2518544.1595    4197102.5849
        27   25934.9559  10575.7149    4074796.0536    2518223.4481    4197527.4833
        28   25910.9913  13069.4944    4074142.7445    2519295.8258    4197549.7753
        30   24858.3537  11280.4151    4074183.3082    2518283.0754    4197811.2348
        31   24904.6079  11600.6062    4074133.7320    2518438.9520    4197813.8422
        32   25736.5395  11486.7789    4074381.2235    2518525.8354    4197491.5170
        33   23958.5224  12476.1429    4073693.1271    2518676.3969    4198221.0399
        34   23957.2340  12467.2452    4073694.9637    2518671.6004    4198221.2665
        35   24061.2094  12676.7231    4073684.8266    2518788.4936    4198198.1924
        37   22760.6801  13007.9729    4073188.0349    2518685.1671    4198640.5668
        40   31291.6833  18795.3108    4074068.0827    2522656.6088    4195487.4707
        42   29372.3268  17193.0838    4074052.0830    2521679.1518    4196294.2508
        43   24426.9269  15334.9200    4073150.9574    2520022.5918    4198128.0354
        44   26116.4940  16127.2629    4073451.4265    2520671.7541    4197534.0430
        45   25670.4437  17366.0811    4072975.9960    2521117.2733    4197679.9413
        46   25184.0658  17558.3992    4072751.5276    2521098.4627    4197828.0343
        47   24905.1233  18053.6214    4072576.6923    2521278.3511    4197963.7042
        50   24656.2009  15876.8553    4073091.4684    2520305.0677    4198063.2081
        51   24324.0467  15169.9942    4073161.2763    2519931.9305    4198161.2497
        52   24579.6689  14302.7198    4073454.8343    2519599.9092    4198058.2744
        54   23091.6747  13313.9277    4073214.2814    2518879.9628    4198530.4934
        55   22965.0232  13537.1336    4073114.6848    2518951.5665    4198574.7457
        58   22197.7702  15257.9546    4072382.3106    2519529.6240    4198803.2619
        59   21857.3701  14864.5479    4072391.9850    2519302.3321    4198930.9354
        60   21552.5304  15263.1662    4072201.3429    2519420.3948    4199045.5247
        61   21074.0118  16395.0845    4071768.7500    2519825.1095    4199225.2848
        62   21006.1122  15952.1047    4071863.2335    2519620.8940    4199246.8732
        63   22263.2218  16031.4216    4072198.3884    2519874.6786    4198781.8542
        64   19672.5994  17781.8593    4071099.7941    2520218.8979    4199835.8535
        65   22416.9301  17581.0249    4071844.9713    2520572.7866    4198740.2395
        66   23963.8050  17418.4506    4072379.6714    2520796.9081    4198218.6775
        67   19792.2934  16822.9383    4071299.0421    2519787.9967    4199706.5535
        68   22455.8403  18539.9459    4071589.4496    2520986.8133    4198714.9584
        70   23823.8828  18659.2391    4072070.9449    2521331.6178    4198326.3589
        71   25429.6383  18280.8949    4072682.5581    2521475.3578    4197784.5956
        72   29343.5950  20841.6616    4073104.6823    2523255.0108    4196332.1594
        74   21145.6479  19059.9547    4071211.7131    2521040.1556    4199322.5500
        78   18088.4893  18070.7813    4070519.4243    2520041.5291    4200369.3002
        79   17993.3396  18760.1648    4070299.8771    2520316.7159    4200395.9470
        80   18350.0381  19598.3309    4070187.9664    2520743.1008    4200274.0608
        82   19056.2201  19199.2677    4070552.0716    2520722.1116    4200066.3887
        83   18152.0083  20974.3649    4069734.5512    2521285.0909    4200317.6133
        84   21016.8061  20085.1639    4070946.8407    2521477.4004    4199412.7060
        85   20618.8137  22226.1484    4070168.7181    2522284.7326    4199469.3202
        86   25454.1183  24813.7990    4070874.9735    2524250.6337    4197704.4152
        89   19357.6456  23288.9823    4069453.3343    2522486.5952    4199865.7805
        90   18649.0800  22697.8552    4069412.0089    2522108.4574    4200129.3098
        91   18212.8216  22573.5412    4069321.7804    2521979.6825    4200291.9816
        93   18781.6582  23641.7772    4069200.6023    2522539.1502    4200083.3987
        94   16763.0935  22998.7256    4068838.1210    2521926.8148    4200866.0162
        95   15720.2478  22617.3943    4068626.8862    2521572.8257    4201233.6256
        96   16697.7707  23832.1887    4068620.5953    2522284.0217    4200911.4132
        97   17801.6874  23160.0287    4069094.1949    2522180.0639    4200486.1975
        98   20890.1546  23999.7202    4069699.9392    2523059.8012    4199300.0209
       100   26314.5239  26718.2945    4070723.8746    2525269.0448    4197491.3987
       103   19814.0677  26825.4486    4068644.2678    2524087.2588    4199700.8447
       104   19577.3853  27819.8971    4068317.6275    2524474.6710    4199792.9849
       106   18508.6746  24657.3260    4068852.6976    2522927.4325    4200184.1622
       108   16814.5014  26489.3686    4068028.9619    2523482.1878    4200945.9613
       111   15019.8637  24919.1735    4067853.5782    2522456.4523    4201529.3566
       112   13841.6697  25835.7668    4067234.3086    2522624.4114    4201926.3713
       114    8434.5007  31420.3000    4064225.1750    2524079.4576    4203935.6244
       115    9452.7698  30478.7295    4064762.9784    2523853.1698    4203558.2839
       117   26433.9281   8374.3847    4075504.9339    2517359.9040    4197327.0923
       118   25866.2188  12971.1109    4074159.5493    2519247.2954    4197570.2448
       119   24720.3641  11418.7748    4074109.1721    2518318.7709    4197863.8375
       120   24383.7004  15404.6401    4073127.0900    2520048.3598    4198150.9982
       122   23666.9534  14118.9181    4073211.9356    2519347.8106    4198365.0115
       123   23694.6544  14321.5321    4073169.1065    2519440.5307    4198357.4708
       124   24151.3342  14457.2225    4073288.0727    2519590.1502    4198212.2250
       133   12486.5759  31741.7623    4065408.5887    2524981.5818    4202550.9098
       134   17707.7617  31599.5257    4066979.4982    2525859.2975    4200672.3241
       135   18483.2606  31686.4057    4067109.7485    2526003.1246    4200322.4629
       137   10959.3494  29744.4761    4065412.4044    2523814.5909    4203026.2878
       138   10745.1499  31414.7707    4064916.0216    2524498.0976    4203114.9413
       141   11595.4092  29790.3312    4065630.7058    2523967.2800    4202839.2563
       143   12431.8825  28320.8393    4066196.2526    2523455.7470    4202470.1671
       146   12650.7204  30587.4725    4065658.9126    2524469.3011    4202394.5486
       158   30778.8929  29074.5406    4071405.3690    2527079.0137    4195878.1021
       160   31847.1204  21015.1673    4073804.1241    2523782.1624    4195440.1379
       167   19170.4384  30330.7729    4067558.0342    2525493.9892    4199967.3599
       168   30133.1377  29890.9073    4071047.4754    2527335.9573    4196158.9526
       170   15873.3763  30107.6941    4066907.4160    2524918.8110    4201397.8229
       171   14036.7362  30343.7382    4066185.3296    2524638.1491    4201946.4953
       175   12697.1356  27544.8301    4066486.5202    2523172.7991    4202379.7444
       176   13888.3749  28512.3947    4066636.5290    2523826.3330    4202004.9657
       177   16714.2624  27779.5395    4067666.9916    2524023.0339    4200993.0178
       178   13850.4954  28088.1001    4066707.7049    2523625.6017    4201990.2189
       181   24288.4863  20301.3152    4071660.6551    2522071.4649    4198056.3696
       183   20826.3779  18524.7562    4071294.1792    2520768.4289    4199470.5093
       184   21589.3791  21892.8648    4070577.1199    2522330.0151    4199152.9992
       185   19178.3622  20278.8802    4070297.5736    2521204.6811    4200020.1360
       186   21982.9909  25210.4471    4069697.7984    2523775.8033    4198906.0093
       188   18972.0220  29478.6246    4067724.1874    2525091.3160    4200037.1791
       195    9721.4372  30193.9386    4064914.4446    2523778.0511    4203458.1080
       197   34828.0047    832.0649    4079960.8562    2515624.1708    4194302.4979
       199   34218.0675   3796.2801    4078849.6623    2516717.4078    4194380.2225
       205   35620.1242   6812.4835    4078601.9970    2518325.8723    4194009.2619
       207   36008.1957   6718.4218    4078709.8432    2518340.5251    4193841.1208
       209   31958.9551   7292.7067    4077423.9376    2517887.8458    4195348.3919
       211   33131.1579  10337.5099    4076996.1966    2519419.7698    4194959.7708
       214   32187.2628  16348.1808    4075123.2115    2521829.5627    4195299.2904
       216   35011.0245  14087.0134    4076567.6841    2521370.6723    4194296.7542
       218   37943.5287  11604.4196    4078056.0408    2520816.1393    4193213.3085
       220   35216.0762   9132.3759    4077877.2261    2519252.3513    4194162.6381
       221   37035.9669  10131.2097    4078156.4129    2520009.9187    4193517.6972
       223   35148.9496  25411.6629    4073625.8254    2526269.8964    4194268.8673
       224   35240.2341  22626.0378    4074375.6355    2525082.3450    4194220.0847
       227   39574.6661  17297.3144    4077083.9784    2523576.9961    4192681.0391
       228   37273.6801  15688.6048    4076767.1032    2522443.8376    4193444.8147
       230   38736.5501  21662.0323    4075662.1384    2525295.0362    4192964.9844
       234   39553.6649  36302.9929    4072034.6391    2531748.5744    4192689.6728
       237   37032.7459  38240.2830    4070774.2542    2532129.5365    4193594.0330
       238   33525.2851  39154.4612    4069771.7606    2532011.3323    4195112.8096
       239   38025.9230  31874.0842    4072674.2340    2529530.5265    4193158.7403
       244    4866.8064  39706.3747    4061014.9363    2527019.2634    4205269.9708
       246    6776.4998  38221.2800    4061946.9889    2526714.0478    4204557.5617
       247    6320.2065  38091.9451    4061900.4495    2526598.8041    4204772.0965
       248    7676.1378  34286.2588    4063357.9960    2525228.1640    4204323.3697
       249    7062.3354  37531.0068    4062213.1776    2526467.9006    4204453.0816
       250    6447.5022  37429.9540    4062129.2058    2526344.5515    4204738.4209
       251    8148.2142  35315.4720    4063113.7283    2525706.4628    4204052.2102
       252    7898.8409  36412.8163    4062747.4746    2526133.8445    4204142.1994
       255    8760.5994  38114.3801    4062532.9222    2527014.9835    4203820.0520
       258   30395.5885  30618.4874    4070937.2231    2527700.0410    4196068.3837
       259   30507.2943  28553.1971    4071457.5619    2526803.0520    4195969.7415
       260   29502.0705  26279.0644    4071704.2724    2525619.0965    4196276.3229
       261   30587.7561  25924.6170    4072129.1767    2525667.0785    4195893.8330
       262   29918.3584  23570.5954    4072576.3932    2524542.4692    4196151.3529
       263   30248.7088  19790.9668    4073584.4749    2522936.6719    4195944.4044
       266   28217.0022  39057.8573    4068035.7019    2530933.2423    4196841.0690
       268   21921.9198  33111.6314    4067640.0690    2527189.6475    4198989.7162
       269   23570.5797  36273.6304    4067302.5947    2528854.7467    4198415.4468
       271   11149.5843  34397.7347    4064260.1200    2525862.2784    4202990.9618
       272   10440.8255  32139.6179    4064654.8391    2524764.3640    4203245.6610
       273    9301.9927  33263.0199    4064098.3157    2525076.4413    4203728.4849
       274    9946.5883  33078.7098    4064297.1275    2525096.1100    4203459.1612
       275   10113.8250  32727.3765    4064435.4328    2524973.7049    4203394.6848
       276   10608.8352  32973.8437    4064490.2086    2525157.1131    4203192.6738
       278   13066.7506  39101.4561    4063578.5203    2528235.1403    4202310.8187
       289   28975.6228  35485.3551    4069200.8015    2529528.0521    4196558.5490
       292   29306.1021  33102.5430    4069960.4183    2528573.2304    4196464.6728
       293   12574.1239  33723.2868    4064932.5471    2525861.7444    4202546.4980
       294   11290.4084  32740.9774    4064741.1538    2525174.3666    4202936.9151
       299   16031.7873  33599.9896    4066108.7013    2526485.3771    4201420.2007
       300   14874.1436  38075.1665    4064386.2582    2528119.4035    4201660.3748
       302   32894.9909  34811.0978    4070623.3919    2529979.4138    4195230.1239
       304   34128.0071  30272.7470    4072047.6113    2528183.8967    4194650.2253
       305   23143.0826  38835.0327    4066535.4150    2529898.1427    4198608.6180
       306   31758.6061   7876.5249    4077211.4968    2518102.8828    4195422.1289
      1841   39662.2785   2139.2685    4080983.0334    2517023.9659    4192516.5363
      1871   37146.8997   1108.1487    4080426.9682    2516090.5390    4193334.1978
      1911   36530.7781   5734.5870    4079044.3855    2517974.8478    4193578.3243
      1941   39779.9755   6779.7525    4079764.7688    2519022.9132    4192450.4263
      2591    9307.5329  39797.6400    4062293.0970    2527858.2288    4203669.5432
      2601    8274.0927  39469.5679    4062036.0899    2527513.4292    4204003.5138
      2621    9859.8778  39051.8831    4062594.2498    2527611.0668    4203414.0287
      2631   11133.2214  36094.7860    4063812.2182    2526593.2921    4203005.0075