         1  29768.6333    1969.5597      4078323.8387    2515180.6396    4195881.4297
         2  29656.3429    1971.9076      4078293.8156    2515163.3804    4195929.6748
         3  29492.0417    4158.0439      4077704.6841    2516109.7991    4196045.0011
         6  28728.2902    5057.1576      4077125.5630    2516300.0070    4196157.4602
        14  27371.8424    7036.8068      4076291.0650    2516965.6922    4196804.1697
        15  27136.2787    7247.2917      4076169.5107    2517015.4301    4196900.4580
        17  26931.0126    8395.7891      4075815.3679    2517485.1583    4196989.5169
        18  26277.9735    8653.1047      4075563.7946    2517483.7418    4197253.1415
        19  26362.8699    8866.7624      4075532.1848    2517592.2175    4197219.2422
        20  25903.1672    8207.3236      4075541.4822    2517205.2628    4197349.8014
        21  29735.8109    9845.2601      4076320.9442    2518661.1957    4196015.3404
        24  29030.8873    9715.1745      4076167.4849    2518489.0802    4196314.3875
        25  26413.0502   10199.4737      4075200.2952    2518186.2807    4197206.9820
        26  26557.7212   10997.2475      4074999.2070    2518544.1595    4197102.5849
        27  25514.9795   10675.2698      4074796.0536    2518223.4481    4197527.4833
        28  25476.7288   13135.8550      4074142.7445    2519295.8258    4197549.7753
        30  24394.6003   11390.2965      4074183.3082    2518283.0754    4197811.2348
        31  24453.4281   11701.8674      4074133.7320    2518438.9520    4197813.8422
        32  25243.6900   11593.1666      4074381.2235    2518525.8354    4197491.5170
        33  23564.5729   12560.1151      4073693.1271    2518676.3969    4198221.0399
        34  23563.4367   12551.4216      4073694.9637    2518671.6004    4198221.2665
        35  23672.7605   12756.1320      4073684.8266    2518788.4936    4198198.1924
        37  22387.3857   13091.0548      4073188.0349    2518685.1671    4198640.5668
        40  30569.7518   18795.9119      4074068.0827    2522656.6088    4195487.4707
        42  28793.1775   17199.2220      4074052.0830    2521679.1518    4196294.2508
        43  24041.3810   15369.9010      4073150.9574    2520022.5918    4198128.0354
        44  25683.8885   16145.4651      4073451.4265    2520671.7541    4197534.0430
        45  25229.1724   17373.8540      4072975.9960    2521117.2733    4197679.9413
        46  24736.2055   17569.4266      4072751.5276    2521098.4627    4197828.0343
        47  24483.7257   18053.8528      4072576.6923    2521278.3511    4197963.7042
        50  24269.1178   15901.5387      4073091.4684    2520305.0677    4198063.2081
        51  23939.6317   15207.9603      4073161.2763    2519931.9305    4198161.2497
        52  24189.8392   14351.2989      4073454.8343    2519599.9092    4198058.2744
        54  22713.1478   13390.8863      4073214.2814    2518879.9628    4198530.4934
        55  22585.7718   13611.4290      4073114.6848    2518951.5665    4198574.7457
        58  21791.9752   15320.6271      4072382.3106    2519529.6240    4198803.2619
        59  21468.8641   14932.4326      4072391.9850    2519302.3321    4198930.9354
        60  21171.8216   15326.2430      4072201.3429    2519420.3948    4199045.5247
        61  20701.1993   16444.4716      4071768.7500    2519825.1095    4199225.2848
        62  20637.1956   16007.8916      4071863.2335    2519620.8940    4199246.8732
        63  21851.8760   16084.4835      4072198.3884    2519874.6786    4198781.8542
        64  19392.2176   17801.4232      4071099.7941    2520218.8979    4199835.8535
        65  21992.0655   17612.8943      4071844.9713    2520572.7866    4198740.2395
        66  23520.1365   17442.6407      4072379.6714    2520796.9081    4198218.6775
        67  19462.9120   16866.9643      4071299.0421    2519787.9967    4199706.5535
        68  22014.0943   18561.6309      4071589.4496    2520986.8133    4198714.9584
        70  23410.1815   18657.9577      4072070.9449    2521331.6178    4198326.3589
        71  24998.0271   18275.4425      4072682.5581    2521475.3578    4197784.5956
        72  28748.3624   20800.2457      4073104.6823    2523255.0108    4196332.1594
        74  20822.7683   19057.4792      4071211.7131    2521040.1556    4199322.5500
        78  17826.0222   18095.3533      4070519.4243    2520041.5291    4200369.3002
        79  17721.8111   18778.4614      4070299.8771    2520316.7159    4200395.9470
        80  18064.6787   19604.0291      4070187.9664    2520743.1008    4200274.0608
        82  18786.2661   19201.2714      4070552.0716    2520722.1116    4200066.3887
        83  17840.2873   20969.3570      4069734.5512    2521285.0909    4200317.6133
        84  20715.5275   20063.1361      4070946.8407    2521477.4004    4199412.7060
        85  20252.0377   22194.3827      4070168.7181    2522284.7326    4199469.3202
        86  24911.3634   24742.7916      4070874.9735    2524250.6337    4197704.4152
        89  18976.5096   23256.8966      4069453.3343    2522486.5952    4199865.7805
        90  18299.2325   22673.0978      4069412.0089    2522108.4574    4200129.3098
        91  17880.0529   22550.2462      4069321.7804    2521979.6825    4200291.9816
        93  18419.0342   23605.2723      4069200.6023    2522539.1502    4200083.3987
        94  16500.2822   22964.8703      4068838.1210    2521926.8148    4200866.0162
        95  15486.6073   22591.3659      4068626.8862    2521572.8257    4201233.6256
        96  16442.2434   23784.9808      4068620.5953    2522284.0217    4200911.4132
        97  17504.6785   23123.3844      4069094.1949    2522180.0639    4200486.1975
        98  20450.4868   23957.8360      4069699.9392    2523059.8012    4199300.0209
       100  25792.0761   26606.7599      4070723.8746    2525269.0448    4197491.3987
       103  19385.0219   26751.4405      4068644.2678    2524087.2588    4199700.8447
       104  19148.5746   27734.2531      4068317.6275    2524474.6710    4199792.9849
       106  18146.1035   24609.4063      4068852.6976    2522927.4325    4200184.1622
       108  16578.3300   26399.2574      4068028.9619    2523482.1878    4200945.9613
       111  14809.4564   24860.5667      4067853.5782    2522456.4523    4201529.3566
       112  13637.0663   25772.4351      4067234.3086    2522624.4114    4201926.3713
       114   8365.2877   31291.3650      4064225.1750    2524079.4576    4203935.6244
       115   9355.9554   30360.2692      4064762.9784    2523853.1698    4203558.2839
       117  26007.9464    8502.6496      4075504.9339    2517359.9040    4197327.0923
       118  25436.7108   13036.8631      4074159.5493    2519247.2954    4197570.2448
       119  24261.6697   11527.8065      4074109.1721    2518318.7709    4197863.8375
       120  24002.6254   15438.0531      4073127.0900    2520048.3598    4198150.9982
       122  23290.3798   14176.2861      4073211.9356    2519347.8106    4198365.0115
       123  23316.7008   14376.4276      4073169.1065    2519440.5307    4198357.4708
       124  23772.1113   14506.0056      4073288.0727    2519590.1502    4198212.2250
       133  12347.5257   31591.5137      4065408.5887    2524981.5818    4202550.9098
       134  17425.4629   31442.3277      4066979.4982    2525859.2975    4200672.3241
       135  18132.4696   31538.0200      4067109.7485    2526003.1246    4200322.4629
       137  10834.8559   29631.0918      4065412.4044    2523814.5909    4203026.2878
       138  10616.5240   31281.3389      4064916.0216    2524498.0976    4203114.9413
       141  11479.3107   29668.5945      4065630.7058    2523967.2800    4202839.2563
       143  12262.8818   28226.1037      4066196.2526    2523455.7470    4202470.1671
       146  12454.8296   30466.0511      4065658.9126    2524469.3011    4202394.5486
       158  30106.7038   28924.5682      4071405.3690    2527079.0137    4195878.1021
       160  31187.0649   20962.6940      4073804.1241    2523782.1624    4195440.1379
       167  18745.2381   30214.1292      4067558.0342    2525493.9892    4199967.3599
       168  29501.1309   29725.8956      4071047.4754    2527335.9573    4196158.9526
       170  15697.7435   29958.4633      4066907.4160    2524918.8110    4201397.8229
       171  13837.6616   30215.3348      4066185.3296    2524638.1491    4201946.4953
       175  12534.0451   27457.9640      4066486.5202    2523172.7991    4202379.7444
       176  13718.1124   28403.7181      4066636.5290    2523826.3330    4202004.9657
       177  16474.0558   27672.7639      4067666.9916    2524023.0339    4200993.0178
       178  13666.1015   27988.9037      4066707.7049    2523625.6017    4201990.2189
       181  23777.7921   20296.7826      4071660.6551    2522071.4649    4198056.3696
       183  20539.1072   18523.4301      4071294.1792    2520768.4289    4199470.5093
       184  21219.4141   21856.6678      4070577.1199    2522330.0151    4199152.9992
       185  18892.6863   20267.7196      4070297.5736    2521204.6811    4200020.1360
       186  21501.2447   25152.4661      4069697.7984    2523775.8033    4198906.0093
       188  18558.9080   29372.4435      4067724.1874    2525091.3160    4200037.1791
       195   9618.0925   30079.6016      4064914.4446    2523778.0511    4203458.1080
       197  34229.6993    1031.5472      4079960.8562    2515624.1708    4194302.4979
       199  33518.8423    3981.8889      4078849.6623    2516717.4078    4194380.2225
       205  34939.0413    6932.7384      4078601.9970    2518325.8723    4194009.2619
       207  35297.0577    6843.3917      4078709.8432    2518340.5251    4193841.1208
       209  31391.5736    7415.6415      4077423.9376    2517887.8458    4195348.3919
       211  32523.7562   10412.5603      4076996.1966    2519419.7698    4194959.7708
       214  31549.3735   16353.6655      4075123.2115    2521829.5627    4195299.2904
       216  34323.3693   14107.6263      4076567.6841    2521370.6723    4194296.7542
       218  37176.0125   11649.5793      4078056.0408    2520816.1393    4193213.3085
       220  34529.3297    9223.8316      4077877.2261    2519252.3513    4194162.6381
       221  36293.2168   10202.5196      4078156.4129    2520009.9187    4193517.6972
       223  34366.9852   25294.9892      4073625.8254    2526269.8964    4194268.8673
       224  34471.3225   22543.3929      4074375.6355    2525082.3450    4194220.0847
       227  38743.7860   17259.6325      4077083.9784    2523576.9961    4192681.0391
       228  36481.6930   15687.9444      4076767.1032    2522443.8376    4193444.8147
       230  37878.9164   21578.9826      4075662.1384    2525295.0362    4192964.9844
       234  38551.7751   36053.3869      4072034.6391    2531748.5744    4192689.6728
       237  36081.7650   37978.5271      4070774.2542    2532129.5365    4193594.0330
       238  32827.1739   38852.5755      4069771.7606    2532011.3323    4195112.8096
       239  37054.5697   31689.4904      4072674.2340    2529530.5265    4193158.7403
       244   4838.0183   39481.6822      4061014.9363    2527019.2634    4205269.9708
       246   6694.7549   38015.2049      4061946.9889    2526714.0478    4204557.5617
       247   6284.7908   37879.1543      4061900.4495    2526598.8041    4204772.0965
       248   7669.7058   34107.8137      4063357.9960    2525228.1640    4204323.3697
       249   6978.4160   37332.2871      4062213.1776    2526467.9006    4204453.0816
       250   6424.4753   37222.7614      4062129.2058    2526344.5515    4204738.4209
       251   8052.0865   35140.8839      4063113.7283    2525706.4628    4204052.2102
       252   7797.3343   36227.2574      4062747.4746    2526133.8445    4204142.1994
       255   8609.2463   37912.2151      4062532.9222    2527014.9835    4203820.0520
       258  29753.3583   30444.4759      4070937.2231    2527700.0410    4196068.3837
       259  29843.8723   28411.3329      4071457.5619    2526803.0520    4195969.7415
       260  28849.7330   26175.2564      4071704.2724    2525619.0965    4196276.3229
       261  29916.2078   25819.5198      4072129.1767    2525667.0785    4195893.8330
       262  29298.8946   23491.5584      4072576.3932    2524542.4692    4196151.3529
       263  29599.3456   19769.5868      4073584.4749    2522936.6719    4195944.4044
       266  27544.1598   38803.1429      4068035.7019    2530933.2423    4196841.0690
       268  21402.4620   32955.5090      4067640.0690    2527189.6475    4198989.7162
       269  22986.2048   36076.5484      4067302.5947    2528854.7467    4198415.4468
       271  10991.1409   34227.5559      4064260.1200    2525862.2784    4202990.9618
       272  10326.3616   31994.9695      4064654.8391    2524764.3640    4203245.6610
       273   9254.3954   33095.5573      4064098.3157    2525076.4413    4203728.4849
       274   9858.8321   32917.7524      4064297.1275    2525096.1100    4203459.1612
       275  10022.4390   32572.1689      4064435.4328    2524973.7049    4203394.6848
       276  10486.7494   32819.1412      4064490.2086    2525157.1131    4203192.6738
       278  12812.5935   38877.4504      4063578.5203    2528235.1403    4202310.8187
       289  28311.3198   35267.0352      4069200.8015    2529528.0521    4196558.5490
       292  28672.3659   32904.4266      4069960.4183    2528573.2304    4196464.6728
       293  12427.5618   33547.6206      4064932.5471    2525861.7444    4202546.4980
       294  11144.5224   32589.4290      4064741.1538    2525174.3666    4202936.9151
       299  15869.1773   33400.4652      4066108.7013    2526485.3771    4201420.2007
       300  14582.3508   37858.8483      4064386.2582    2528119.4035    4201660.3748
       302  32184.1078   34574.4721      4070623.3919    2529979.4138    4195230.1239
       304  33337.8143   30103.5881      4072047.6113    2528183.8967    4194650.2253
       305  22570.4336   38606.2377      4066535.4150    2529898.1427    4198608.6180
       306  31192.3670    7993.2217      4077211.4968    2518102.8828    4195422.1289
      1841  38879.1783    2311.9704      4080983.0334    2517023.9659    4192516.5363
      1871  36391.6840    1317.8625      4080426.9682    2516090.5390    4193334.1978
      1911  35764.6503    5882.7888      4079044.3855    2517974.8478    4193578.3243
      1941  38936.4281    6894.5376      4079764.7688    2519022.9132    4192450.4263
      2591   9153.7822   39569.3789      4062293.0970    2527858.2288    4203669.5432
      2601   8127.0730   39252.3508      4062036.0899    2527513.4292    4204003.5138
      2621   9661.4560   38840.7091      4062594.2498    2527611.0668    4203414.0287
      2631  10963.1788   35905.4065      4063812.2182    2526593.2921    4203005.0075