      0001    774.2500  23537.2500   4067035.1097  2537840.7518 	4193238.7226      
      0006  11372.0000   7995.5000   4075389.5618  2532568.1139 	4188937.0498      
      0013  13098.7500   4680.2500   4076923.7200  2531148.1554 	4188022.5648
      0020   2853.0000  36188.5000   4063609.5602  2544321.2823 	4192654.9437      
      0023   7753.0000   3693.2500   4075622.5385  2529630.8545 	4190147.1310      
      0026   4120.7500   7231.7500   4073460.6954  2530848.5920 	4191884.8795      
      0037   4417.0000   9628.5000   4072808.3717  2532141.9898 	4191890.6656      
      0039   6749.0000   9406.5000   4073630.3237  2532566.7281 	4191040.8476      
      0041   4169.2500   9120.7500   4072879.1378  2531803.5134 	4191925.4847      
      0044   8837.2500  12385.5000   4073183.5789  2534183.3746 	4190013.9729      
      0054   3908.2500  17114.5000   4070150.7297  2535515.9302 	4192064.7878      
      0058   2786.0000  17048.5000   4069855.7069  2535318.7508 	4192566.5489      
      0061   5009.0000  23203.7500   4068461.1221  2538550.4389 	4191613.3146      
      0062   5062.7500  22583.2500   4068695.9829  2538295.6774 	4191618.9251      
      0067    699.7500  20812.2500   4067942.5802  2536611.8058 	4193328.3772      
      0077   8271.5000  24030.0000   4069149.3450  2539503.8822 	4190253.3585      
      0082   8952.2500  20900.2500   4070385.8423  2538168.3493 	4189966.6668      
      0099  14642.2500  17741.5000   4073181.1397  2537840.0904 	4187745.2588      
      0127  13425.0000  20595.0000   4071872.6481  2538945.8151 	4188245.9596      
      0134   3785.7500  19332.7500   4069390.9867  2536552.7604 	4192142.7312      
      0138   1202.2500  25018.5000   4066690.0682  2538639.5356 	4193100.3017      
      0141   1077.7500  28112.2500   4065641.7503  2540074.8550 	4193173.3680      
      0142   2980.0000  30523.2500   4065437.0912  2541578.0905 	4192438.4279      
      0147   8463.0000  39209.5000   4064284.1076  2546720.9672 	4190361.9208      
      0148   8194.0000  36682.2500   4065076.3141  2545585.6295 	4190559.8576      
      0149   7824.5000  36754.5000   4064953.6846  2545573.8082 	4190733.8729      
      0151   6961.7500  39288.7500   4063846.6253  2546552.6905 	4191048.2418      
      0153   5295.0000  39222.0000   4063368.0586  2546214.3515 	4191718.5191      
      0155   1629.5000  37842.2500   4062702.9803  2544868.3344 	4193156.4547      
      0156   1751.7500  39132.2500   4062289.6128  2545436.9009 	4193052.3102      
      0164  10795.7500  38722.0000   4065179.4493  2546999.6713 	4189503.4626      
      0165  13110.5000  25250.5000   4070269.0937  2541114.1167 	4188453.7465      
      0166  14594.5000  29366.5000   4069304.2027  2543206.3030 	4187759.6080      
      0168  11680.2500  34829.0000   4066657.3303  2545238.4611 	4188997.4606      
      0170  11316.5000  34077.0000   4066787.4926  2544807.7556 	4189126.5677      
      0171  13838.0000  36250.7500   4066903.7442  2546428.9946 	4188281.0020      
      0174  10882.7500  31506.7500   4067566.6186  2543662.6272 	4189429.9869      
      0176   6961.0000  30180.0000   4066767.9735  2542201.2431 	4190887.2538      
      0179  10337.5000  28475.0000   4068367.3892  2542097.2348 	4189582.4609      
      0180  14063.0000  28560.0000   4069410.8650  2542729.2796 	4187977.6878      
      0183   2606.5000  33066.0000   4064543.2975  2542796.3206 	4192716.1196
      0184   5515.0000  34300.0000   4065018.7089  2543922.5341 	4191560.9151      
      0185   4923.5000  31410.7500   4065729.0620  2542347.2982 	4191658.0727      
      0186   8354.2500  18612.7500   4070973.6988  2537008.2680 	4190225.7521      
      0202   2790.2500  27094.5000   4066525.3902  2539981.4712 	4192549.6693
      0205   4721.0000  26600.0000   4067319.1192  2540206.7389 	4191881.9861      
      0210   9289.5000  38180.0000   4064861.0875  2546382.1778 	4190012.0762      
      0212  13798.5000  36267.7500   4066883.8690  2546424.1546 	4188290.5307
      0213   8869.5000  21875.2500   4070023.2963  2538578.1999 	4189971.6080      
      0216  10286.0000   9948.0000   4074437.5148  2533327.4775 	4189435.5515      
      0217  14209.5000   1905.0000   4078159.9765  2530000.9734 	4187508.1498      
      0219   7763.7500   3715.5000   4075618.4543  2529643.6471 	4190142.4200      
      0222  10756.7500   4312.7500   4076441.8153  2530743.0020 	4189201.7589      
      0223   8431.7500   9316.0000   4074133.1352  2532772.6542 	4190283.8225      
      0224  11367.0000   4387.0000   4076592.8786  2530872.2268 	4188930.6818      
      9009  12828.7500    731.2500   4078104.7555  2529112.8895   4187989.7176      
      9018  11241.2500   1298.0000   4077444.5674  2529098.3862   4188657.1271      
      9019   8654.5000   2169.0000   4076407.6946  2529091.7012   4189786.5061      
      9025   4600.0000   7308.5000   4073574.1466  2530961.4361   4191674.3414      
      9225   4208.0000   4801.0000   4074203.8553  2529528.7883   4191636.0020      
                                                                            
                                                                            
                                                                            
                                                                      
                                                                            