      0001    822.4847  23653.4625  4067035.1097	2537840.7518	4193238.7226 
      0006  12710.0258   7614.8034  4075389.5618	2532568.1139	4188937.0498
      0013  14802.5865   4170.5445  4076923.7200	2531148.1554	4188022.5648
      0020   2000.1899  36713.8987  4063609.5602	2544321.2823	4192654.9437
      0023   9409.3515   3149.9523  4075622.5385	2529630.8545	4190147.1310
      0026   5319.0670   6832.9206  4073460.6954	2530848.5920	4191884.8795 
      0037   5401.8791   9316.9389  4072808.3717	2532141.9898	4191890.6656 
      0039   7761.5758   9095.2989  4073630.3237	2532566.7281	4191040.8476 
      0041   5216.4346   8788.0049  4072879.1378	2531803.5134	4191925.4847 
      0044   9801.4840  12150.6290  4073183.5789	2534183.3746	4190013.9729
      0054   4410.6990  17037.5219  4070150.7297	2535515.9302	4192064.7878
      0058   3239.3353  16976.3902  4069855.7069	2535318.7508	4192566.5489
      0061   5145.3403  23314.5964  4068461.1221	2538550.4389	4191613.3146
      0062   5226.9473  22676.9896  4068695.9829	2538295.6774	4191618.9251
      0067    895.3608  20851.3387  4067942.5802	2536611.8058	4193328.3772
      0077   8457.5518  24159.6234  4069149.3450	2539503.8822	4190253.3585
      0082   9364.6726  20931.9672  4070385.8423	2538168.3493	4189966.6668
      0099  15364.0357  17682.2985  4073181.1397	2537840.0904	4187745.2588
      0127  13925.9347  20625.3021  4071872.6481	2538945.8151	4188245.9596
      0134   4125.5278  19327.2028  4069390.9867	2536552.7604	4192142.7312
      0138   1146.0619  25183.7691  4066690.0682	2538639.5356	4193100.3017
      0141    805.7357  28374.6960  4065641.7503	2540074.8550	4193173.3680
      0142   2582.9156  30861.2240  4065437.0912	2541578.0905	4192438.4279
      0147   7574.1291  39819.6682  4064284.1076	2546720.9672	4190361.9208
      0148   7415.9041  37225.4678  4065076.3141	2545585.6295	4190559.8576
      0149   7020.5199  37303.3290  4064953.6846	2545573.8082	4190733.8729
      0151   5987.4249  39910.1080  4063846.6253	2546552.6905	4191048.2418
      0153   4283.0321  39842.8756  4063368.0586	2546214.3515	4191718.5191
      0155    632.0089  38419.8012  4062702.9803	2544868.3344	4193156.4547
      0156    702.0922  39743.6097  4062289.6128	2545436.9009	4193052.3102
      0164   9954.9871  39326.5890  4065179.4493	2546999.6713	4189503.4626
      0165  13260.2495  25433.0760  4070269.0937	2541114.1167	4188453.7465
      0166  14564.5364  29666.2616  4069304.2027	2543206.3030	4187759.6080
      0168  11191.2087  35301.9557  4066657.3303	2545238.4611	4188997.4606
      0170  10876.1842  34524.0981  4066787.4926	2544807.7556	4189126.5677
      0171  13231.5623  36782.1997  4066903.7442	2546428.9946	4188281.0020
      0174  10531.4035  31889.2690  4067566.6186	2543662.6272	4189429.9869
      0176   6662.1974  30510.4082  4066767.9735	2542201.2431	4190887.2538
      0179  10206.7572  28759.3481  4068367.3892	2542097.2348	4189582.4609
      0180  14070.2615  28832.5552  4069410.8650	2542729.2796	4187977.6878
      0183   1968.5466  33493.6632  4064543.2975	2542796.3206	4192716.1196
      0184   4865.0612  34764.0969  4065018.7089	2543922.5341	4191560.9151
      0185   4517.2514  31773.4205  4065729.0620	2542347.2982	4191658.0727
      0186   8891.2450  18574.4951  4070973.6988	2537008.2680	4190225.7521
      0202   2595.3127  27330.3720  4066525.3902	2539981.4712	4192549.6693
      0205   4551.7093  26829.9649  4067319.1192	2540206.7389	4191881.9861
      0210   8495.7000  38757.3000  4064861.0875	2546382.1778	4190012.0762
      0212  13193.9661  36798.8033  4066883.8690	2546424.1546	4188290.5307
      0213   9231.5712  21933.9746  4070023.2963	2538578.1999	4189971.6080
      0216  11439.8000   9635.2000  4074437.5148	2533327.4775	4189435.5515
      0217  16153.0000   1299.6000  4078159.9765	2530000.9734	4187508.1498
      0219   9418.4000   3172.1000  4075618.4543	2529643.6471	4190142.4200
      0222  12309.2202   3816.1797  4076441.8153	2530743.0020	4189201.7589
      0223   9530.3812   8994.7962  4074133.1352	2532772.6542	4190283.8225
      0224  12941.7190   3889.4991  4076592.8786	2530872.2268	4188930.6818
      9009  14854.9000     78.4000  4078104.7555  2529112.8895  4187989.7176
      9018  13178.9989    667.6695  4077444.5674  2529098.3862  4188657.1271
      9019  10429.7000   1575.7000  4076407.6946  2529091.7012  4189786.5061
      9025   5813.3419   6909.5240  4073574.1466  2530961.4361  4191674.3414
      9225   5675.3736   4303.6028  4074203.8553  2529528.7883  4191636.0020      